****** Trapezoidal Map******

Face f1 contains 16 trapezoids: 

T
((0.8,3.4) , (3.0,2.9))
(0.8,3.4)
(1.5,6.299999999999999)

((1.5,4.2) , (4.0,4.3))
((2.8,4.0) , (3.2,3.4))
(2.8,4.0)
(3.2,4.268)

((0.5,2.6) , (1.0,2.0))
B
(0.5,0.0)
(1.0,2.0)

T
((0.5,2.6) , (0.8,3.4))
(0.5,2.6)
(0.8,6.3)

((1.5,4.2) , (4.0,4.3))
((3.6,3.1) , (5.0,1.8))
(3.6,3.1)
(4.0,4.3)

T
B
L
(0.5,6.299999999999999)

((1.0,2.0) , (2.0,1.7))
B
(1.0,0.0)
(2.0,1.7)

T
((3.6,3.1) , (5.0,1.8))
(4.0,2.7285714285714286)
(5.0,6.3)

((1.5,4.2) , (4.0,4.3))
((0.8,3.4) , (3.0,2.9))
(1.5,3.2409090909090903)
(2.3,4.232)

((2.0,1.7) , (5.0,1.8))
B
(2.0,0.0)
(5.0,1.8)

((1.5,4.2) , (4.0,4.3))
((2.3,3.4) , (2.8,4.0))
(2.3,3.4)
(2.8,4.252)

((1.5,4.2) , (4.0,4.3))
((3.0,2.9) , (3.6,3.1))
(3.2,2.966666666666667)
(3.6,4.284)

T
B
(5.0,0.0)
R

((2.3,3.4) , (3.2,3.4))
((3.0,2.9) , (3.6,3.1))
(3.0,2.9)
(3.2,3.4)

T
((1.5,4.2) , (4.0,4.3))
(1.5,4.2)
(4.0,6.299999999999999)

((2.3,3.4) , (3.2,3.4))
((0.8,3.4) , (3.0,2.9))
(2.3,3.059090909090909)
(3.0,3.4)

Face f2 contains 4 trapezoids: 

((0.5,2.6) , (3.5,2.4))
((2.0,1.7) , (5.0,1.8))
(2.0,1.7)
(3.5,2.4)

((3.5,2.4) , (5.0,1.8))
((2.0,1.7) , (5.0,1.8))
(3.5,1.75)
(5.0,1.8)

((0.5,2.6) , (3.5,2.4))
((0.5,2.6) , (1.0,2.0))
(0.5,2.6)
(1.0,2.566666666666667)

((0.5,2.6) , (3.5,2.4))
((1.0,2.0) , (2.0,1.7))
(1.0,2.0)
(2.0,2.5)

Face f5 contains 2 trapezoids: 

((2.8,4.0) , (3.2,3.4))
((2.3,3.4) , (3.2,3.4))
(2.8,3.4000000000000004)
(3.2,3.4)

((2.3,3.4) , (2.8,4.0))
((2.3,3.4) , (3.2,3.4))
(2.3,3.4)
(2.8,4.0)

Face f3 contains 3 trapezoids: 

((3.0,2.9) , (3.5,2.4))
((0.5,2.6) , (3.5,2.4))
(3.0,2.433333333333333)
(3.5,2.4)

((0.8,3.4) , (3.0,2.9))
((0.5,2.6) , (3.5,2.4))
(0.8,2.58)
(3.0,2.9)

((0.5,2.6) , (0.8,3.4))
((0.5,2.6) , (3.5,2.4))
(0.5,2.6)
(0.8,3.3999999999999995)

Face f4 contains 3 trapezoids: 

((3.0,2.9) , (3.6,3.1))
((3.0,2.9) , (3.5,2.4))
(3.0,2.9)
(3.5,3.066666666666667)

((3.6,3.1) , (5.0,1.8))
((3.5,2.4) , (5.0,1.8))
(3.6,2.36)
(5.0,1.8)

((3.0,2.9) , (3.6,3.1))
((3.5,2.4) , (5.0,1.8))
(3.5,2.4)
(3.6,3.1)

